58
0.00869565217391304
0.00869565217391304
0.00869565217391305
0.00869565217391304
0.00869565217391304
0.00869565217391305
0.00869565217391304
0.00869565217391304
0.00869565217391304
0.00869565217391304
0.00869565217391305
0.00869565217391305
0.00869565217391303
0.00869565217391305
0.00869565217391303
0.00869565217391305
0.00869565217391305
0.00869565217391303
0.00869565217391305
0.00869565217391303
0.00869565217391305
0.00869565217391305
0.00869565217391305
0.00869565217391305
0.00869565217391301
0.0217391304347826
0.0217391304347826
0.0217391304347826
0.0217391304347826
0.0217391304347826
0.0217391304347826
0.0217391304347826
0.0217391304347826
0.0217391304347826
0.0217391304347826
0.0217391304347826
0.0217391304347826
0.0217391304347826
0.0217391304347826
0.0217391304347826
0.0217391304347826
0.0217391304347826
0.0217391304347826
0.0217391304347826
0.0217391304347826
0.0217391304347826
0.0217391304347826
0.0217391304347826
0.0217391304347826
0.0217391304347826
0.0217391304347826
0.0217391304347826
0.0217391304347826
0.0217391304347826
0.0217391304347826
0.0434782608695652
0.0434782608695652
0.0434782608695652
