83
0.00416666666666667
0.00416666666666667
0.00416666666666667
0.00416666666666667
0.00416666666666667
0.00416666666666667
0.00416666666666667
0.00416666666666667
0.00416666666666667
0.00416666666666667
0.00416666666666667
0.00416666666666667
0.00416666666666666
0.00416666666666667
0.00416666666666666
0.00416666666666667
0.00416666666666667
0.00416666666666666
0.00416666666666667
0.00416666666666666
0.00416666666666667
0.00416666666666667
0.00416666666666667
0.00416666666666667
0.00416666666666665
0.0104166666666667
0.0104166666666667
0.0104166666666667
0.0104166666666667
0.0104166666666667
0.0104166666666667
0.0104166666666667
0.0104166666666667
0.0104166666666667
0.0104166666666667
0.0104166666666667
0.0104166666666667
0.0104166666666667
0.0104166666666667
0.0104166666666667
0.0104166666666667
0.0104166666666667
0.0104166666666667
0.0104166666666667
0.0104166666666667
0.0104166666666667
0.0104166666666667
0.0104166666666667
0.0104166666666667
0.0104166666666667
0.0104166666666667
0.0104166666666667
0.0104166666666667
0.0104166666666667
0.0104166666666667
0.0208333333333333
0.0208333333333333
0.0208333333333333
0.0208333333333333
0.0208333333333333
0.0208333333333333
0.0208333333333333
0.0208333333333333
0.0208333333333333
0.0208333333333333
0.0208333333333333
0.0208333333333333
0.0208333333333333
0.0208333333333333
0.0208333333333333
0.0208333333333333
0.0208333333333333
0.0208333333333333
0.0208333333333333
0.0208333333333333
0.0208333333333333
0.0208333333333333
0.0208333333333333
0.0208333333333333
0.0208333333333333
0.0208333333333333
0.0208333333333333
0.0208333333333333
