74
0.00512820512820513
0.00512820512820513
0.00512820512820513
0.00512820512820513
0.00512820512820513
0.00512820512820513
0.00512820512820513
0.00512820512820513
0.00512820512820513
0.00512820512820513
0.00512820512820513
0.00512820512820513
0.00512820512820512
0.00512820512820513
0.00512820512820512
0.00512820512820513
0.00512820512820513
0.00512820512820512
0.00512820512820513
0.00512820512820512
0.00512820512820513
0.00512820512820513
0.00512820512820513
0.00512820512820513
0.00512820512820511
0.0128205128205128
0.0128205128205128
0.0128205128205128
0.0128205128205128
0.0128205128205128
0.0128205128205128
0.0128205128205128
0.0128205128205128
0.0128205128205128
0.0128205128205128
0.0128205128205128
0.0128205128205128
0.0128205128205128
0.0128205128205128
0.0128205128205128
0.0128205128205128
0.0128205128205128
0.0128205128205128
0.0128205128205128
0.0128205128205128
0.0128205128205128
0.0128205128205128
0.0128205128205128
0.0128205128205128
0.0128205128205128
0.0128205128205128
0.0128205128205128
0.0128205128205128
0.0128205128205128
0.0128205128205128
0.0256410256410256
0.0256410256410256
0.0256410256410256
0.0256410256410256
0.0256410256410256
0.0256410256410256
0.0256410256410256
0.0256410256410256
0.0256410256410256
0.0256410256410256
0.0256410256410256
0.0256410256410256
0.0256410256410256
0.0256410256410256
0.0256410256410256
0.0256410256410256
0.0256410256410256
0.0256410256410256
0.0256410256410256
