105
0.00222222222222222
0.00222222222222222
0.00222222222222222
0.00222222222222222
0.00222222222222222
0.00222222222222222
0.00222222222222222
0.00222222222222222
0.00222222222222222
0.00222222222222222
0.00222222222222222
0.00222222222222222
0.00222222222222222
0.00222222222222222
0.00222222222222222
0.00222222222222222
0.00222222222222222
0.00222222222222222
0.00222222222222222
0.00222222222222222
0.00222222222222222
0.00222222222222222
0.00222222222222222
0.00222222222222222
0.00222222222222221
0.00555555555555556
0.00555555555555556
0.00555555555555556
0.00555555555555556
0.00555555555555556
0.00555555555555556
0.00555555555555556
0.00555555555555556
0.00555555555555556
0.00555555555555556
0.00555555555555556
0.00555555555555556
0.00555555555555556
0.00555555555555556
0.00555555555555556
0.00555555555555556
0.00555555555555556
0.00555555555555556
0.00555555555555556
0.00555555555555556
0.00555555555555556
0.00555555555555556
0.00555555555555556
0.00555555555555556
0.00555555555555556
0.00555555555555556
0.00555555555555556
0.00555555555555556
0.00555555555555556
0.00555555555555556
0.0111111111111111
0.0111111111111111
0.0111111111111111
0.0111111111111111
0.0111111111111111
0.0111111111111111
0.0111111111111111
0.0111111111111111
0.0111111111111111
0.0111111111111111
0.0111111111111111
0.0111111111111111
0.0111111111111111
0.0111111111111111
0.0111111111111111
0.0111111111111111
0.0111111111111111
0.0111111111111111
0.0111111111111111
0.0111111111111111
0.0111111111111111
0.0111111111111111
0.0111111111111111
0.0111111111111111
0.0111111111111111
0.0111111111111111
0.0111111111111111
0.0111111111111111
0.0111111111111111
0.0111111111111111
0.0222222222222222
0.0222222222222222
0.0222222222222222
0.0222222222222222
0.0222222222222222
0.0222222222222222
0.0222222222222222
0.0222222222222222
0.0222222222222222
0.0222222222222222
0.0222222222222222
0.0222222222222222
0.0222222222222222
0.0222222222222222
0.0222222222222222
0.0222222222222222
0.0222222222222222
0.0222222222222222
0.0222222222222222
0.0222222222222222
