56
0.00952380952380952
0.00952380952380952
0.00952380952380953
0.00952380952380952
0.00952380952380952
0.00952380952380953
0.00952380952380952
0.00952380952380952
0.00952380952380952
0.00952380952380952
0.00952380952380953
0.00952380952380953
0.00952380952380951
0.00952380952380953
0.00952380952380951
0.00952380952380953
0.00952380952380953
0.00952380952380951
0.00952380952380953
0.00952380952380951
0.00952380952380953
0.00952380952380953
0.00952380952380953
0.00952380952380953
0.00952380952380949
0.0238095238095238
0.0238095238095238
0.0238095238095238
0.0238095238095238
0.0238095238095238
0.0238095238095238
0.0238095238095238
0.0238095238095238
0.0238095238095238
0.0238095238095238
0.0238095238095238
0.0238095238095238
0.0238095238095238
0.0238095238095238
0.0238095238095238
0.0238095238095238
0.0238095238095238
0.0238095238095238
0.0238095238095238
0.0238095238095238
0.0238095238095238
0.0238095238095238
0.0238095238095238
0.0238095238095238
0.0238095238095238
0.0238095238095238
0.0238095238095238
0.0238095238095238
0.0238095238095238
0.0238095238095238
0.0476190476190476
